shepherd_goal_x = 2.382703921236482
shepherd_goal_y = 2.2389348502191995
