shepherd_goal_x = 0.8119895540308628
shepherd_goal_y = 5.2132192633082175
