shepherd_goal_x = -1.7150301600471816
shepherd_goal_y = 5.347139067585495
