shepherd_goal_x = 6.3852712980219195
shepherd_goal_y = 1.8473276950499433
