shepherd_goal_x = 2.404423202421103
shepherd_goal_y = 2.2813865714822983
