shepherd_goal_x = 6.887088147106637
shepherd_goal_y = 0.8042732008391168
