shepherd_goal_x = 3.2960913241998218
shepherd_goal_y = 4.346133278373505
