shepherd_goal_x = 5.008145271037251
shepherd_goal_y = 2.125018308322573
