shepherd_goal_x = -4.029567280772806
shepherd_goal_y = -6.744385560851387
