shepherd_goal_x = 6.739000883221095
shepherd_goal_y = 5.975687980853149
